1.00
78.00
78.00

79.00
79.00
79.00
79.00
79.00
80.00
79.00
79.00
79.00
77.00
76.00
77.00
77.00
78.00
78.00
79.00
78.00
78.00
258.00
99.00
84.00
79.00
78.00
85.00
80.00
77.00
77.00
76.00
76.00
75.00
75.00
74.00
74.00
74.00
73.00
73.00
73.00
74.00
74.00
73.00
72.00
73.00
73.00
73.00
74.00
74.00
74.00
74.00
72.00
71.00
71.00
70.00
70.00
70.00
70.00
70.00
70.00
69.00
70.00
70.00
71.00
72.00
73.00
73.00
73.00
67.00
69.00
70.00
70.00
70.00
70.00
71.00
109.00
116.00
129.00
133.00
138.00
136.00
138.00
143.00
138.00
137.00
138.00
138.00
140.00
141.00
144.00
143.00
144.00
145.00
146.00
148.00
148.00
150.00
147.00
151.00
149.00
144.00
146.00
146.00
147.00
146.00
145.00
143.00
142.00
141.00
140.00
138.00
137.00
137.00
136.00
136.00
135.00
134.00
135.00
136.00
136.00
136.00
138.00
138.00
138.00
139.00
140.00
141.00
141.00
142.00
142.00
142.00
142.00
142.00
142.00
145.00
147.00
146.00
146.00
145.00
145.00
143.00
142.00
142.00
141.00
140.00
140.00
140.00
140.00
140.00
140.00
141.00
141.00
140.00
140.00
141.00
142.00
143.00
143.00
142.00
143.00
143.00
144.00
143.00
143.00
141.00
140.00
144.00
146.00
147.00
149.00
150.00
152.00
151.00
149.00
148.00
152.00
153.00
153.00
154.00
155.00
156.00
155.00
143.00
117.00
94.00
90.00
90.00
93.00
94.00
82.00
87.00
85.00
80.00
85.00
84.00
76.00
82.00
83.00
79.00
83.00
79.00
76.00
77.00
77.00
75.00
76.00
97.00
98.00
87.00
78.00
72.00
67.00
67.00
63.00
64.00
77.00
86.00
88.00
83.00
89.00
87.00
85.00
87.00
88.00
84.00
82.00
82.00
81.00
80.00
79.00
82.00
89.00
82.00
82.00
100.00
104.00
99.00
89.00
84.00
87.00
92.00
92.00
97.00
91.00
86.00
87.00
89.00
86.00
77.00
78.00
95.00
93.00
87.00
87.00
84.00
84.00
91.00
93.00
98.00
95.00
96.00
70.00
0.00
0.00
33.00
60.00
76.00
89.00
94.00
94.00
95.00
91.00
88.00
90.00
90.00
91.00
104.00
132.00
129.00
112.00
93.00
86.00
78.00
73.00
65.00
74.00
88.00
74.00
73.00
83.00
90.00
93.00
87.00
90.00
90.00
96.00
97.00
96.00
92.00
86.00
85.00
83.00
86.00
92.00
91.00
88.00
86.00
90.00
92.00
89.00
86.00
89.00
91.00
102.00
104.00
106.00
105.00
105.00
106.00
108.00
121.00
107.00
102.00
98.00
95.00
103.00
97.00
94.00
102.00
103.00
99.00
97.00
97.00
100.00
99.00
101.00
101.00
98.00
100.00
102.00
100.00
101.00
106.00
101.00
99.00
99.00
101.00
103.00
102.00
110.00
106.00
104.00
108.00
114.00
122.00
119.00
122.00
119.00
116.00
115.00
112.00
111.00
111.00
112.00
111.00
116.00
120.00
118.00
118.00
119.00
119.00
117.00
118.00
120.00
122.00
121.00
119.00
118.00
117.00
117.00
120.00
119.00
120.00
119.00
118.00
115.00
117.00
117.00
119.00
120.00
116.00
115.00
114.00
110.00
109.00
107.00
107.00
109.00
110.00
109.00
109.00
110.00
110.00
109.00
109.00
111.00
110.00
114.00
106.00
105.00
108.00
106.00
105.00
109.00
107.00
111.00
109.00
108.00
109.00
114.00
117.00
117.00
115.00
113.00
111.00
117.00
114.00
110.00
110.00
106.00
103.00
103.00
100.00
111.00
116.00
115.00
114.00
113.00
115.00
114.00
113.00
112.00
111.00
107.00
106.00
104.00
102.00
102.00
103.00
104.00
106.00
108.00
112.00
117.00
117.00
111.00
113.00
97.00
97.00
110.00
125.00
138.00
142.00
144.00
145.00
147.00
147.00
145.00
148.00
150.00
152.00
154.00
153.00
149.00
6.00
73.00
94.00
98.00
78.00
81.00
87.00
81.00
75.00
81.00
81.00
78.00
78.00
76.00
73.00
81.00
84.00
81.00
83.00
76.00
