00
00
493.00
492.00
492.00
497.00
496.00
496.00
496.00
495.00
494.00
493.00
493.00
492.00
493.00
492.00
493.00
492.00
493.00
492.00
492558.00
505.00
465.00
444.00
434.00
433.00
438.00
445.00
455.00
463.00
472.00
481.00
490.00
499.00
506.00
511.00
514.00
517.00
519.00
519.00
518.00
516.00
515.00
513.00
512.00
509.00
507.00
504.00
503.00
501.00
499.00
499.00
498.00
498.00
498.00
500.00
502.00
505.00
507.00
511.00
514.00
517.00
519.00
521.00
522.00
523.00
524.00
525.00
525.00
524.00
523.00
522.00
521.00
518.00
517.00
514.00
513.00
511.00
510.00
509.00
510.00
508.00
508.00
507.00
508.00
507.00
507.00
506.00
506.00
504.00
503.00
502.00
501.00
501.00
500.00
500.00
499.00
498.00
497.00
498.00
497.00
497.00
497.00
499.00
500.00
503.00
506.00
511.00
514.00
518.00
522.00
524.00
527.00
528.00
529.00
528.00
528.00
527.00
525.00
523.00
521.00
520.00
519.00
516.00
515.00
513.00
511.00
510.00
510.00
510.00
510.00
510.00
510.00
509.00
509.00
509.00
508.00
507.00
506.00
506.00
504.00
503.00
502.00
501.00
500.00
499.00
498.00
498.00
497.00
496.00
495.00
496.00
496.00
499.00
501.00
504.00
508.00
512.00
517.00
521.00
526.00
529.00
532.00
534.00
535.00
535.00
535.00
535.00
534.00
531.00
529.00
525.00
523.00
519.00
517.00
515.00
513.00
512.00
510.00
509.00
508.00
509.00
509.00
509.00
508.00
508.00
508.00
508.00
508.00
507.00
507.00
506.00
504.00
504.00
503.00
502.00
502.00
500.00
499.00
498.00
498.00
497.00
497.00
496.00
495.00
494.00
494.00
494.00
496.00
499.00
504.00
508.00
514.00
519.00
524.00
528.00
532.00
533.00
534.00
534.00
532.00
531.00
528.00
527.00
523.00
521.00
517.00
515.00
512.00
510.00
507.00
506.00
506.00
506.00
506.00
506.00
505.00
506.00
506.00
506.00
506.00
505.00
506.00
505.00
505.00
504.00
504.00
504.00
503.00
501.00
499.00
496.00
495.00
493.00
493.00
492.00
493.00
494.00
497.00
500.00
504.00
509.00
513.00
520.00
524.00
529.00
532.00
535.00
536.00
536.00
535.00
535.00
533.00
531.00
528.00
525.00
522.00
519.00
517.00
514.00
512.00
510.00
509.00
507.00
508.00
507.00
507.00
507.00
507.00
506.00
507.00
506.00
506.00
505.00
503.00
503.00
503.00
503.00
502.00
501.00
501.00
501.00
500.00
501.00
502.00
503.00
505.00
508.00
513.00
518.00
522.00
527.00
532.00
536.00
538.00
541.00
542.00
543.00
542.00
541.00
540.00
538.00
536.00
534.00
531.00
528.00
524.00
521.00
519.00
516.00
515.00
514.00
512.00
511.00
511.00
511.00
511.00
511.00
511.00
510.00
510.00
510.00
510.00
509.00
509.00
508.00
507.00
507.00
506.00
506.00
506.00
506.00
507.00
510.00
513.00
516.00
521.00
527.00
532.00
537.00
540.00
544.00
545.00
547.00
547.00
546.00
545.00
543.00
542.00
539.00
537.00
533.00
531.00
528.00
525.00
523.00
520.00
519.00
518.00
517.00
517.00
516.00
516.00
515.00
515.00
514.00
512.00
511.00
509.00
509.00
509.00
508.00
508.00
508.00
507.00
507.00
507.00
507.00
507.00
507.00
507.00
509.00
510.00
513.00
516.00
521.00
526.00
531.00
536.00
540.00
545.00
547.00
549.00
548.00
548.00
546.00
545.00
542.00
540.00
537.00
533.00
530.00
528.00
525.00
523.00
520.00
518.00
516.00
514.00
512.00
511.00
510.00
509.00
509.00
509.00
509.00
508.00
508.00
506.00
506.00
505.00
504.00
503.00
503.00
502.00
502.00
500.00
500.00
499.00
498.00
498.00
498.00
501.00
503.00
507.00
510.00
515.00
519.00
524.00
528.00
530.00
532.00
534.00
534.00
534.00
534.00
533.00
532.00
531.00
529.00
526.00
525.00
522.00
520.00
517.00
514.00
512.00
509.00
507.00
505.00
503.00
503.00
502.00
502.00
502.00
502.00
501.00
501.00
501.00
501.00
500.00
500.00
499.00
498.00
497.00
496.00
496.00
495.00
495.00
494.00
494.00
493.00
493.00
493.00
494.00
495.00
498.00
501.00
505.00
509.00
513.00
517.00
520.00
524.00
526.00
528.00
528.00
529.00
529.00
528.00
527.00
527.00
525.00
524.00
521.00
519.00
515.00
513.00
510.00
507.00
505.00
503.00
501.00
500.00
501.00
500.00
500.00
500.00
499.00
498.00
498.00
497.00
496.00
495.00
494.00
494.00
494.00
494.00
495.00
493.00
493.00
493.00
493.00
492.00
492.00
491.00
490.00
489.00
489.00
489.00
489.00
489.00
490.00
492.00
495.00
499.00
503.00
508.00
512.00
516.00
519.00
523.00
525.00
527.00
527.00
526.00
526.00
524.00
523.00
521.00
519.00
517.00
516.00
514.00
514.00
513.00
512.00
511.00
510.00
510.00
510.00
509.00
509.00
508.00
508.00
507.00
507.00
507.00
505.00
504.00
503.00
503.00
501.00
501.00
500.00
499.00
497.00
496.00
495.00
495.00
494.00
494.00
493.00
494.00
494.00
496.00
497.00
499.00
503.00
507.00
513.00
518.00
523.00
527.00
532.00
535.00
538.00
539.00
540.00
539.00
538.00
537.00
535.00
534.00
533.00
531.00
528.00
526.00
523.00
521.00
519.00
518.00
516.00
515.00
514.00
514.00
514.00
514.00
513.00
514.00
513.00
513.00
512.00
512.00
512.00
511.00
510.00
510.00
509.00
508.00
507.00
506.00
505.00
503.00
503.00
501.00
501.00
499.00
499.00
498.00
498.00
498.00
499.00
498.00
499.00
500.00
502.00
505.00
508.00
511.00
514.00
516.00
518.00
520.00
521.00
522.00
521.00
521.00
520.00
518.00
516.00
514.00
511.00
510.00
508.00
507.00
505.00
504.00
502.00
501.00
500.00
498.00
498.00
496.00
495.00
494.00
494.00
493.00
491.00
490.00
489.00
488.00
487.00
485.00
484.00
483.00
483.00
481.00
480.00
480.00
479.00
478.00
477.00
476.00
475.00
474.00
474.00
474.00
473.00
474.00
474.00
476.00
478.00
480.00
484.00
488.00
491.00
495.00
497.00
499.00
499.00
501.00
500.00
499.00
498.00
496.00
495.00
493.00
492.00
490.00
489.00
487.00
487.00
487.00
488.00
487.00
488.00
488.00
489.00
489.00
490.00
491.00
491.00
490.00
490.00
490.00
489.00
488.00
487.00
486.00
485.00
485.00
484.00
484.00
484.00
483.00
482.00
481.00
480.00
481.00
481.00
481.00
481.00
483.00
485.00
488.00
492.00
496.00
500.00
503.00
506.00
508.00
510.00
511.00
511.00
511.00
512.00
512.00
511.00
510.00
509.00
507.00
506.00
504.00
504.00
502.00
501.00
500.00
500.00
500.00
499.00
499.00
499.00
498.00
497.00
497.00
495.00
495.00
493.00
494.00
494.00
494.00
495.00
495.00
494.00
494.00
493.00
492.00
492.00
491.00
490.00
489.00
489.00
489.00
490.00
491.00
493.00
494.00
496.00
498.00
499.00
498.00
499.00
498.00
497.00
496.00
495.00
494.00
493.00
492.00
491.00
490.00
488.00
486.00
485.00
484.00
482.00
481.00
480.00
480.00
480.00
480.00
480.00
481.00
482.00
482.00
483.00
484.00
484.00
485.00
485.00
484.00
483.00
482.00
483.00
483.00
483.00
482.00
483.00
483.00
482.00
482.00
483.00
484.00
486.00
486.00
488.00
490.00
493.00
494.00
496.00
498.00
499.00
500.00
501.00
502.00
502.00
502.00
502.00
503.00
502.00
502.00
502.00
503.00
502.00
502.00
502.00
503.00
503.00
504.00
504.00
505.00
505.00
504.00
504.00
503.00
502.00
500.00
498.00
495.00
492.00
489.00
487.00
485.00
483.00
481.00
481.00
481.00
483.00
484.00
487.00
490.00
494.00
497.00
499.00
501.00
502.00
503.00
504.00
504.00
503.00
503.00
501.00
500.00
498.00
496.00
494.00
492.00
490.00
490.00
487.00
486.00
485.00
484.00
484.00
483.00
483.00
482.00
482.00
482.00
481.00
481.00
481.00
481.00
481.00
480.00
480.00
480.00
481.00
480.00
481.00
480.00
481.00
481.00
481.00
481.00
481.00
481.00
482.00
485.00
486.00
488.00
489.00
492.00
495.00
496.00
497.00
498.00
498.00
499.00
498.00
499.00
498.00
496.00
495.00
494.00
493.00
492.00
492.00
491.00
491.00
490.00
491.00
490.00
491.00
490.00
491.00
491.00
492.00
492.00
492.00
491.00
491.00
490.00
490.00
489.00
488.00
487.00
486.00
486.00
486.00
486.00
487.00
488.00
489.0