205.00
205.00
205.00
205.00
205.00
205.00
205.00
205.00
205.00
205.00
205.00
204.00
205.00
204.00
205.00
205.00
205.00
205.00
205.00
205.00
205.00
205.00
205.00
205.00
205.00
205.00
205.00
204.00
205.00
204.00
205.00
205.00
205.00
205.00
205.00
204.00
205.00
204.00
205.00
205.00
205.00
205.00
205.00
205.00
205.00
205.00
205.00
205.00
205.00
205.00
204.00
205.00
205.00
205.00
205.00
205.00
205.00
202.00
196.00
190.00
187.00
186.00
185.00
185.00
184.00
184.00
185.00
186.00
191.00
196.00
198.00
197.00
198.00
200.00
200.00
200.00
200.00
200.00
201.00
201.00
202.00
202.00
201.00
201.00
201.00
201.00
201.00
201.00
200.00
200.00
200.00
200.00
200.00
200.00
200.00
200.00
200.00
190.00
201.00
204.00
202.00
201.00
202.00
204.00
204.00
207.00
211.00
214.00
215.00
217.00
220.00
222.00
225.00
228.00
235.00
243.00
254.00
255.00
255.00
259.00
259.00
260.00
259.00
259.00
257.00
257.00
258.00
258.00
259.00
260.00
252.00
261.00
261.00
259.00
259.00
258.00
259.00
258.00
257.00
258.00
259.00
258.00
256.00
259.00
268.00
290.00
309.00
319.00
327.00
329.00
326.00
324.00
324.00
323.00
322.00
321.00
321.00
322.00
321.00
320.00
321.00
320.00
319.00
319.00
318.00
311.00
317.00
318.00
320.00
319.00
319.00
319.00
318.00
317.00
318.00
317.00
317.00
320.00
321.00
320.00
319.00
320.00
321.00
322.00
322.00
323.00
323.00
323.00
323.00
323.00
322.00
319.00
319.00
319.00
321.00
319.00
320.00
323.00
338.00
360.00
369.00
375.00
379.00
375.00
374.00
371.00
363.00
370.00
369.00
369.00
369.00
368.00
368.00
367.00
367.00
367.00
367.00
366.00
366.00
366.00
366.00
366.00
366.00
367.00
365.00
367.00
365.00
365.00
370.00
378.00
380.00
219.00
204.00
206.00
207.00
206.00
206.00
206.00
205.00
205.00
206.00
205.00
206.00
205.00
205.00
205.00
205.00
205.00
206.00
205.00
205.00
205.00
206.00
205.00
205.00
205.00
204.00
206.00
204.00
204.00
205.00
204.00
204.00
204.00
204.00
203.00
205.00
203.00
203.00
203.00
203.00
203.00
203.00
203.00
204.00
203.00
203.00
203.00
203.00
204.00
203.00
204.00
203.00
203.00
202.00
204.00
203.00
203.00
202.00
202.00
202.00
202.00
203.00
202.00
202.00
202.00
202.00
202.00
202.00
202.00
202.00
202.00
202.00
202.00
203.00
202.00
202.00
202.00
202.00
202.00
202.00
202.00
202.00
202.00
202.00
201.00
202.00
201.00
201.00
201.00
201.00
201.00
201.00
201.00
201.00
201.00
202.00
201.00
201.00
202.00
201.00
202.00
201.00
201.00
201.00
201.00
201.00
201.00
201.00
201.00
201.00
202.00
201.00
201.00
201.00
201.00
201.00
201.00
201.00
201.00
201.00
200.00
200.00
200.00
200.00
200.00
202.00
206.00
210.00
216.00
229.00
234.00
237.00
239.00
240.00
239.00
239.00
240.00
242.00
242.00
244.00
243.00
243.00
242.00
244.00
247.00
247.00
247.00
248.00
249.00
249.00
249.00
248.00
249.00
249.00
249.00
251.00
251.00
251.00
252.00
250.00
250.00
252.00
252.00
253.00
268.00
292.00
311.00
313.00
311.00
310.00
309.00
309.00
309.00
310.00
311.00
311.00
312.00
311.00
311.00
311.00
309.00
310.00
309.00
310.00
309.00
310.00
309.00
310.00
309.00
310.00
320.00
341.00
347.00
360.00
365.00
366.00
365.00
363.00
363.00
363.00
363.00
362.00
359.00
357.00
358.00
361.00
365.00
364.00
366.00
368.00
371.00
373.00
371.00
368.00
368.00
368.00
367.00
367.00
365.00
364.00
361.00
368.00
364.00
351.00
321.00
276.00
220.00
207.00
207.00
207.00
210.00
210.00
210.00
210.00
209.00
210.00
210.00
209.00
209.00
209.00
208.00
209.00
209.00
208.00
208.00
208.00
208.00
208.00
208.00
208.00
208.00
208.00
208.00
