315
315.00
315.00
315.00
315.00
315.00
315.00
315.00
315.00
315.00
315.00
315.00
315.00
315.00
315.00
315.00
315.00
315.00
315.00
315.00
315.00
315.00
315.00
315.00
315.00
315.00
315.00
271.00
265.00
260.00
254.00
243.00
237.00
232.00
230.00
229.00
228.00
228.00
228.00
229.00
229.00
229.00
229.00
229.00
230.00
230.00
230.00
231.00
230.00
231.00
231.00
231.00
231.00
231.00
231.00
230.00
229.00
229.00
233.00
235.00
236.00
236.00
236.00
236.00
237.00
237.00
237.00
237.00
237.00
237.00
237.00
238.00
238.00
238.00
238.00
238.00
239.00
239.00
240.00
238.00
240.00
240.00
240.00
240.00
240.00
240.00
240.00
253.00
260.00
267.00
279.00
292.00
303.00
306.00
305.00
304.00
303.00
303.00
302.00
302.00
302.00
302.00
302.00
302.00
302.00
302.00
301.00
301.00
301.00
301.00
301.00
301.00
301.00
301.00
301.00
301.00
301.00
301.00
301.00
300.00
301.00
301.00
301.00
301.00
301.00
301.00
301.00
301.00
301.00
301.00
301.00
301.00
301.00
301.00
301.00
301.00
301.00
301.00
301.00
301.00
301.00
301.00
301.00
300.00
300.00
300.00
300.00
300.00
300.00
300.00
301.00
301.00
301.00
301.00
301.00
301.00
301.00
301.00
301.00
301.00
301.00
301.00
301.00
303.00
302.00
302.00
302.00
302.00
301.00
300.00
300.00
299.00
295.00
267.00
258.00
256.00
255.00
256.00
275.00
289.00
304.00
314.00
320.00
317.00
315.00
314.00
313.00
312.00
311.00
311.00
310.00
310.00
310.00
310.00
310.00
311.00
311.00
311.00
311.00
312.00
315.00
315.00
314.00
314.00
314.00
313.00
314.00
314.00
313.00
314.00
313.00
313.00
312.00
313.00
312.00
312.00
312.00
312.00
312.00
312.00
312.00
314.00
314.00
314.00
314.00
314.00
314.00
314.00
314.00
314.00
314.00
314.00
314.00
314.00
313.00
314.00
314.00
314.00
313.00
314.00
313.00
313.00
313.00
313.00
313.00
313.00
313.00
313.00
313.00
313.00
313.00
313.00
313.00
313.00
313.00
313.00
312.00
313.00
313.00
313.00
313.00
313.00
313.00
313.00
310.00
307.00
285.00
273.00
283.00
340.00
364.00
375.00
397.00
418.00
421.00
415.00
409.00
407.00
405.00
402.00
399.00
398.00
398.00
397.00
397.00
397.00
399.00
397.00
397.00
396.00
396.00
396.00
396.00
396.00
395.00
395.00
395.00
394.00
395.00
395.00
395.00
396.00
396.00
397.00
399.00
399.00
399.00
399.00
398.00
398.00
399.00
399.00
398.00
399.00
399.00
398.00
398.00
398.00
398.00
398.00
398.00
398.00
398.00
398.00
397.00
397.00
397.00
397.00
397.00
397.00
397.00
397.00
396.00
396.00
396.00
396.00
396.00
396.00
396.00
396.00
396.00
395.00
395.00
396.00
395.00
395.00
395.00
394.00
394.00
394.00
394.00
394.00
394.00
394.00
394.00
394.00
393.00
393.00
393.00
393.00
393.00
393.00
393.00
392.00
392.00
392.00
390.00
392.00
393.00
392.00
389.00
356.00
282.00
233.00
224.00
223.00
223.00
223.00
224.00
224.00
223.00
222.00
224.00
225.00
225.00
225.00
226.00
226.00
227.00
227.00
228.00
228.00
229.00
229.00
229.00
230.00
230.00
230.00
230.00
231.00
230.00
232.00
232.00
231.00
232.00
233.00
233.00
241.00
248.00
254.00
262.00
267.00
270.00
272.00
273.00
275.00
277.00
277.00
277.00
278.00
278.00
278.00
278.00
277.00
277.00
277.00
277.00
277.00
277.00
275.00
277.00
277.00
277.00
276.00
276.00
276.00
276.00
276.00
276.00
276.00
276.00
276.00
274.00
276.00
276.00
276.00
276.00
276.00
277.00
277.00
277.00
276.00
277.00
278.00
278.00
277.00
278.00
278.00
277.00
277.00
277.00
277.00
277.00
278.00
278.00
278.00
278.00
278.00
278.00
278.00
278.00
